50 500 0
31 16 3 
16 31 3 
36 2  98
2  36 98
18 43 24
43 18 24
11 45 33
45 11 33
6  21 55
21 6  55
31 2  4 
2  31 4 
45 37 11
37 45 11
7  17 81
17 7  81
14 5  73
5  14 73
22 24 7 
24 22 7 
39 38 14
38 39 14
43 40 72
40 43 72
36 37 32
37 36 32
33 36 53
36 33 53
4  10 39
10 4  39
9  44 28
44 9  28
48 5  80
5  48 80
0  15 16
15 0  16
27 31 1 
31 27 1 
19 6  63
6  19 63
40 45 26
45 40 26
2  40 88
40 2  88
32 26 71
26 32 71
27 12 85
12 27 85
26 16 55
16 26 55
6  27 25
27 6  25
34 25 6 
25 34 6 
15 26 82
26 15 82
47 17 75
17 47 75
3  47 7 
47 3  7 
0  16 48
16 0  48
40 26 61
26 40 61
18 24 6 
24 18 6 
30 9  3 
9  30 3 
47 5  37
5  47 37
26 46 97
46 26 97
2  45 37
45 2  37
28 8  92
8  28 92
33 7  46
7  33 46
7  10 60
10 7  60
23 10 3 
10 23 3 
44 0  30
0  44 30
46 21 27
21 46 27
28 1  12
1  28 12
35 0  48
0  35 48
49 27 10
27 49 10
0  29 75
29 0  75
15 9  22
9  15 22
47 44 13
44 47 13
46 3  37
3  46 37
45 26 66
26 45 66
11 22 41
22 11 41
4  21 52
21 4  52
24 49 41
49 24 41
4  34 81
34 4  81
40 36 49
36 40 49
25 36 72
36 25 72
2  3  42
3  2  42
42 1  12
1  42 12
40 49 54
49 40 54
46 44 73
44 46 73
16 8  19
8  16 19
37 12 48
12 37 48
29 38 65
38 29 65
25 45 72
45 25 72
21 35 7 
35 21 7 
44 10 61
10 44 61
48 15 73
15 48 73
11 9  36
9  11 36
20 49 90
49 20 90
32 47 98
47 32 98
20 14 61
14 20 61
33 3  6 
3  33 6 
17 33 60
33 17 60
0  10 35
10 0  35
22 31 75
31 22 75
27 25 92
25 27 92
23 25 58
25 23 58
22 38 93
38 22 93
24 8  11
8  24 11
25 40 42
40 25 42
21 10 55
10 21 55
27 46 88
46 27 88
48 13 92
13 48 92
7  16 9 
16 7  9 
13 38 14
38 13 14
4  17 58
17 4  58
10 42 12
42 10 12
31 14 14
14 31 14
12 38 73
38 12 73
44 16 46
16 44 46
21 39 1 
39 21 1 
15 17 56
17 15 56
12 15 56
15 12 56
42 24 64
24 42 64
34 37 55
37 34 55
9  43 29
43 9  29
9  4  50
4  9  50
21 49 63
49 21 63
12 24 80
24 12 80
28 37 38
37 28 38
17 14 50
14 17 50
34 38 48
38 34 48
1  25 36
25 1  36
27 30 30
30 27 30
14 25 37
25 14 37
10 37 2 
37 10 2 
14 44 75
44 14 75
3  16 60
16 3  60
5  28 18
28 5  18
0  6  19
6  0  19
19 23 20
23 19 20
5  10 73
10 5  73
1  13 82
13 1  82
43 41 57
41 43 57
19 7  82
7  19 82
22 0  82
0  22 82
16 32 9 
32 16 9 
32 13 99
13 32 99
12 20 68
20 12 68
18 16 75
16 18 75
44 27 31
27 44 31
6  25 33
25 6  33
21 1  69
1  21 69
14 8  34
8  14 34
22 41 36
41 22 36
41 13 36
13 41 36
27 29 10
29 27 10
16 14 44
14 16 44
12 26 90
26 12 90
8  47 56
47 8  56
26 43 39
43 26 39
2  1  94
1  2  94
29 22 33
22 29 33
1  37 27
37 1  27
43 11 1 
11 43 1 
42 4  13
4  42 13
41 31 62
31 41 62
22 49 41
49 22 41
19 11 18
11 19 18
37 22 69
22 37 69
21 0  45
0  21 45
34 2  41
2  34 41
20 33 60
33 20 60
10 35 30
35 10 30
8  30 29
30 8  29
15 35 52
35 15 52
38 35 93
35 38 93
7  48 9 
48 7  9 
46 20 77
20 46 77
19 21 20
21 19 20
3  23 60
23 3  60
26 9  18
9  26 18
38 44 46
44 38 46
48 26 74
26 48 74
47 49 42
49 47 42
0  14 67
14 0  67
36 4  75
4  36 75
24 14 93
14 24 93
40 10 15
10 40 15
33 30 2 
30 33 2 
48 35 53
35 48 53
34 13 97
13 34 97
20 1  31
1  20 31
39 7  67
7  39 67
40 29 97
29 40 97
6  34 78
34 6  78
11 28 51
28 11 51
25 18 31
18 25 31
37 31 86
31 37 86
19 15 58
15 19 58
5  25 88
25 5  88
44 22 34
22 44 34
34 23 11
23 34 11
39 23 89
23 39 89
45 9  67
9  45 67
8  37 17
37 8  17
35 5  47
5  35 47
23 37 31
37 23 31
44 4  88
4  44 88
1  29 77
29 1  77
20 25 12
25 20 12
44 33 41
33 44 41
17 32 38
32 17 38
20 36 75
36 20 75
29 25 91
25 29 91
16 30 36
30 16 36
41 19 67
19 41 67
36 26 53
26 36 53
37 5  28
5  37 28
9  32 40
32 9  40
3  15 80
15 3  80
23 49 16
49 23 16
12 22 58
22 12 58
24 45 8 
45 24 8 
42 27 42
27 42 42
34 49 9 
49 34 9 
28 9  20
9  28 20
44 19 73
19 44 73
35 24 40
24 35 40
36 47 28
47 36 28
41 12 54
12 41 54
25 38 38
38 25 38
45 36 98
36 45 98
18 21 56
21 18 56
2  20 62
20 2  62
24 47 19
47 24 19
1  4  80
4  1  80
38 31 18
31 38 18
24 30 45
30 24 45
15 42 99
42 15 99
40 33 35
33 40 35
37 21 34
21 37 34
31 48 7 
48 31 7 
3  35 27
35 3  27
25 12 91
12 25 91
23 20 81
20 23 81
14 12 50
12 14 50
38 42 95
42 38 95
6  37 92
37 6  92
48 22 27
22 48 27
11 17 23
17 11 23
48 46 77
46 48 77
21 16 59
16 21 59
24 41 38
41 24 38
24 5  17
5  24 17
1  46 4 
46 1  4 
38 2  49
2  38 49
43 0  43
0  43 43
14 38 94
38 14 94
27 8  15
8  27 15
2  30 59
30 2  59
39 28 88
28 39 88
42 25 76
25 42 76
36 11 10
11 36 10
41 9  95
9  41 95
39 3  73
3  39 73
41 37 42
37 41 42
44 42 37
42 44 37
34 43 87
43 34 87
32 23 44
23 32 44
24 3  30
3  24 30
44 5  51
5  44 51
19 32 11
32 19 11
30 34 43
34 30 43
9  46 9 
46 9  9 
2  33 50
33 2  50
26 33 36
33 26 36
7  25 21
25 7  21
41 0  62
0  41 62
34 11 99
11 34 99
24 32 32
32 24 32
2  14 74
14 2  74
24 7  10
7  24 10
35 4  19
4  35 19
37 39 66
39 37 66
38 17 51
17 38 51
21 41 21
41 21 21
44 17 99
17 44 99
28 30 98
30 28 98
5  15 28
15 5  28
7  31 3 
31 7  3 
6  36 90
36 6  90
46 4  41
4  46 41
42 17 28
17 42 28
41 16 38
16 41 38
41 33 56
33 41 56
3  41 38
41 3  38
44 24 14
24 44 14
3  43 35
43 3  35
12 1  87
1  12 87
45 47 38
47 45 38
29 16 17
16 29 17
21 33 44
33 21 44
23 27 27
27 23 27
19 35 67
35 19 67
24 26 3 
26 24 3 
47 37 11
37 47 11
34 47 71
47 34 71
0  36 28
36 0  28
3  48 25
48 3  25
30 0  36
0  30 36
1  35 1 
35 1  1 
27 13 3 
13 27 3 
49 15 17
15 49 17
25 15 64
15 25 64
14 13 99
13 14 99
49 13 69
13 49 69
14 28 54
28 14 54
1  27 81
27 1  81
4  32 84
32 4  84
16 34 46
34 16 46
3  18 14
18 3  14
16 25 77
25 16 77
34 41 85
41 34 85
49 44 3 
44 49 3 
14 4  86
4  14 86
0  8  37
8  0  37
20 21 79
21 20 79
47 12 96
12 47 96
43 48 51
48 43 51
13 47 67
47 13 67
0  13 82
13 0  82
36 43 65
43 36 65
0  38 94
38 0  94
5  46 22
46 5  22
43 20 70
20 43 70
45 16 26
16 45 26
44 30 22
30 44 22
1  3  44
3  1  44
11 3  67
3  11 67
28 42 94
42 28 94
41 29 39
29 41 39
25 48 69
48 25 69
35 26 19
26 35 19
29 49 88
49 29 88
36 22 91
22 36 91
22 10 30
10 22 30
23 15 73
15 23 73
35 18 38
18 35 38
30 6  90
6  30 90
16 47 88
47 16 88
43 47 57
47 43 57
31 25 75
25 31 75
11 40 62
40 11 62
48 12 51
12 48 51
37 15 46
15 37 46
8  10 2 
10 8  2 
20 42 35
42 20 35
14 10 47
10 14 47
1  9  43
9  1  43
27 47 41
47 27 41
3  10 92
10 3  92
45 8  35
8  45 35
31 30 12
30 31 12
45 28 54
28 45 54
23 24 16
24 23 16
46 16 48
16 46 48
33 25 65
25 33 65
22 2  91
2  22 91
21 8  79
8  21 79
20 13 70
13 20 70
43 30 24
30 43 24
37 25 69
25 37 69
31 1  79
1  31 79
27 35 23
35 27 23
35 47 83
47 35 83
40 18 78
18 40 78
11 8  14
8  11 14
18 4  93
4  18 93
48 24 87
24 48 87
3  32 40
32 3  40
37 7  12
7  37 12
21 22 19
22 21 19
37 38 69
38 37 69
19 18 32
18 19 32
20 16 5 
16 20 5 
27 45 11
45 27 11
11 15 51
15 11 51
42 18 14
18 42 14
31 23 43
23 31 43
3  38 14
38 3  14
31 43 93
43 31 93
2  12 96
12 2  96
29 7  7 
7  29 7 
43 24 55
24 43 55
35 44 68
44 35 68
27 18 85
18 27 85
0  26 12
26 0  12
38 43 63
43 38 63
16 49 78
49 16 78
41 2  74
2  41 74
35 8  39
8  35 39
47 40 61
40 47 61
4  16 68
16 4  68
31 17 23
17 31 23
2  49 14
49 2  14
4  25 25
25 4  25
30 7  34
7  30 34
42 40 4 
40 42 4 
23 8  24
8  23 24
49 35 82
35 49 82
8  42 56
42 8  56
35 46 75
46 35 75
6  41 5 
41 6  5 
26 34 90
34 26 90
49 7  11
7  49 11
29 4  75
4  29 75
21 44 76
44 21 76
2  46 36
46 2  36
11 24 3 
24 11 3 
19 16 58
16 19 58
6  14 34
14 6  34
13 5  36
5  13 36
17 40 59
40 17 59
16 39 66
39 16 66
7  12 75
12 7  75
5  16 27
16 5  27
29 45 83
45 29 83
45 18 90
18 45 90
10 31 13
31 10 13
15 46 81
46 15 81
7  13 60
13 7  60
5  23 33
23 5  33
22 14 96
14 22 96
41 15 12
15 41 12
48 23 75
23 48 75
17 19 46
19 17 46
37 29 20
29 37 20
34 9  86
9  34 86
49 28 11
28 49 11
37 20 68
20 37 68
30 35 78
35 30 78
1  40 77
40 1  77
6  45 59
45 6  59
19 30 71
30 19 71
5  40 55
40 5  55
5  20 65
20 5  65
30 38 96
38 30 96
21 27 26
27 21 26
40 9  1 
9  40 1 
49 11 62
11 49 62
20 28 65
28 20 65
28 26 22
26 28 22
31 12 36
12 31 36
37 4  91
4  37 91
17 24 44
24 17 44
4  45 42
45 4  42
3  6  21
6  3  21
15 38 42
38 15 42
19 49 79
49 19 79
23 1  38
1  23 38
29 39 57
39 29 57
21 15 9 
15 21 9 
23 43 62
43 23 62
19 42 36
42 19 36
1  30 82
30 1  82
21 17 70
17 21 70
13 2  36
2  13 36
23 16 20
16 23 20
47 14 85
14 47 85
28 7  89
7  28 89
40 22 30
22 40 30
34 12 53
12 34 53
8  32 77
32 8  77
46 30 63
30 46 63
41 25 53
25 41 53
9  36 51
36 9  51
25 28 5 
28 25 5 
32 41 91
41 32 91
24 34 78
34 24 78
39 8  5 
8  39 5 
29 13 64
13 29 64
12 40 93
40 12 93
45 3  37
3  45 37
49 12 85
12 49 85
14 36 1 
36 14 1 
7  40 1 
40 7  1 
43 17 31
17 43 31
14 7  11
7  14 11
10 13 96
13 10 96
9  25 75
25 9  75
23 35 85
35 23 85
18 38 20
38 18 20
19 3  5 
3  19 5 
46 10 11
10 46 11
5  0  12
0  5  12
49 41 65
41 49 65
12 18 43
18 12 43
40 37 13
37 40 13
21 7  40
7  21 40
12 5  77
5  12 77
16 43 92
43 16 92
36 44 72
44 36 72
48 44 65
44 48 65
14 34 22
34 14 22
47 15 14
15 47 14
3  34 22
34 3  22
40 19 20
19 40 20
37 27 13
27 37 13
46 25 75
25 46 75
38 11 47
11 38 47
13 8  9 
8  13 9 
47 7  29
7  47 29
39 22 18
22 39 18
44 6  85
6  44 85
13 28 73
28 13 73
13 17 30
17 13 30
43 13 20
13 43 20
20 38 86
38 20 86
14 11 75
11 14 75
29 19 83
19 29 83
1  39 31
39 1  31
9  7  90
7  9  90
39 13 96
13 39 96
7  46 12
46 7  12
22 5  3 
5  22 3 
10 6  97
6  10 97
39 6  26
6  39 26
5  19 1 
19 5  1 
